 4.13360480e-01 2.51586416e+00
 -1.31409717e-01 -2.90952220e-02
 -4.77204551e-01 -1.04822794e-01
 1.98477677e-01 5.40410424e-02
 -6.64325502e-01 -6.93327259e-01
 1.14784095e+00 3.94374009e-01
 1.91522450e+00 3.70272190e-01
 -6.36797363e-01 5.84551028e-01
 2.13954800e+00 -1.18228938e+00
 -2.97452811e-01 1.47496946e+00
 1.12721094e+00 -9.14600576e-01
 -9.18173581e-01 -8.67936450e-01
 9.96416866e-01 1.35264337e+00
 3.07474020e-01 7.21473993e-02
 1.20923478e+00 -8.58911675e-01
 2.50735216e-01 -5.21399229e-01
 8.47229618e-01 9.93915915e-01
 1.31604910e+00 -4.23797054e-01
 -1.44632786e+00 1.52582456e+00
 6.85693234e-01 -7.99723551e-01
 1.42070427e+00 4.95803619e-02
 -4.54457482e-01 -1.35308748e+00
 -1.03379375e-01 -7.07179320e-01
 -3.10381945e-02 7.68156252e-01
 8.92618576e-02 -1.04301172e+00
 1.55090304e+00 1.13986525e+00
 9.30617140e-01 -1.25425717e+00
 -4.29626828e-01 1.13450433e-01
 -9.68516672e-01 -7.62117024e-02
 4.15920081e-01 1.59251443e-01
 -1.15135520e+00 -9.17862712e-01
 1.03295182e+00 1.55032211e-01
 -1.70846106e+00 5.36733224e-01
 8.91919841e-01 4.24260578e-01
 1.92271818e-02 8.58345445e-01
 1.04789650e+00 -1.02536512e+00
 1.03516580e+00 -2.17170197e-01
 -1.01538651e-01 1.58424539e+00
 -1.69700016e+00 1.04092157e-01
 -7.63639295e-01 2.32384423e+00
 -3.86036127e-01 -1.33728678e-01
 1.27941146e+00 -3.89473395e-02
 1.69381818e-01 1.36837143e+00
 -1.35785711e+00 -8.33725472e-02
 9.34626282e-01 9.33977099e-01
 2.20498427e-01 -1.05041854e+00
 1.38155745e-01 1.28894124e-01
 -2.55205781e-01 -1.95507140e+00
 -7.98388344e-01 -1.85128367e+00
 -1.34410439e+00 1.24688053e-01
 1.75842672e+00 -5.35590914e-01
 -2.54308149e+00 -3.36950809e+00
 -9.05268126e-01 3.67875122e-01
 2.98336295e-01 -1.58578027e+00
 5.49627783e-01 -2.75605035e-01
 -4.77906419e-01 2.06490650e-01
 1.15536297e-01 -1.30248046e-01
 -2.11065731e-01 -3.26835953e-01
 -8.60181568e-01 -2.38169227e-01
 -2.12503571e-03 6.12587078e-01
 1.37311381e+00 -5.68074200e-01
 5.27671096e-01 1.33625819e-01
 -2.01079692e-01 -1.26116739e+00
 1.18938391e-02 -1.24026543e+00
 1.78137507e+00 1.00543329e+00
 -4.93340911e-01 -1.35619916e-01
 3.72008390e-01 -1.16757373e+00
 5.39563724e-01 2.53971609e-01
 3.64389788e-01 -3.38784022e-01
 -5.77568286e-01 1.53854024e-01
 4.42124557e-01 3.16031362e-01
 1.23796804e-01 2.99434738e+00
 1.07742464e+00 1.37367836e+00
 -2.12918792e+00 -8.17556000e-01
 6.14507429e-01 -2.89728643e-02
 -1.23011115e+00 2.81742240e-02
 -5.83350385e-01 5.93031390e-01
 1.57321318e-01 -1.32924816e-01
 -2.30127312e-01 -2.88082897e-01
 -4.81419088e-02 1.01071171e+00
 2.23632167e+00 -9.54130191e-01
 -3.16377919e-01 -7.95780886e-01
 -7.90380704e-01 1.04946036e+00
 3.83102535e-01 1.89362237e-01
 -8.87074010e-02 5.04223891e-01
 -3.13592427e-01 3.79506892e-01
 6.85556202e-01 -1.15648453e+00
 -8.17887022e-01 2.27787556e+00
 1.99525792e+00 -3.37899942e-01
 6.16937625e-01 -1.02427780e-01
 4.57743892e-01 -1.94242357e+00
 8.10662819e-02 2.22291323e-01
 -5.83369336e-01 6.24400736e-01
 2.83158432e-01 5.76595960e-01
 -1.42533126e+00 9.89913404e-01
 1.90049741e+00 9.72669174e-01
 7.58423033e-02 -9.37611293e-01
 -1.52426401e+00 -3.11097464e-01
 -1.48713004e-01 1.16962874e+00
 -4.24199026e-01 -3.94277522e-01
 -1.46798362e+00 5.39709990e-01
 5.77925626e-01 -1.05193015e+00
 -2.72658924e-01 -7.24098081e-01
 -6.45625280e-02 -1.46730420e+00
 -7.69572510e-02 3.31127868e-02
 -9.74909735e-01 -7.07885555e-01
 -2.45165051e-01 6.13555921e-01
 6.47706100e-02 1.28280693e+00
 5.39191988e-01 -5.70150510e-01
 -2.61417387e-01 -4.05458293e-01
 6.70390736e-01 -1.42170453e-01
 -6.13588304e-01 -6.59727592e-01
 -1.91218733e+00 1.19448322e+00
 1.09334249e+00 -2.60176095e-01
 -1.67002355e+00 -3.55545993e-01
 1.30343367e+00 -5.32982780e-01
 -1.53975426e+00 -1.83579047e+00
 1.49821994e+00 9.96276586e-01
 1.01774614e+00 2.75996429e-01
 -6.06371254e-01 -2.16650586e-01
 1.86713226e-01 2.03233388e+00
 -8.78884645e-02 9.10264078e-01
 -1.14619841e-01 -2.53246970e-01
 3.70311595e-02 9.18297327e-01
 8.48632887e-01 -5.83222771e-01
 6.09505821e-01 -1.18654691e+00
 -1.20986701e-01 8.92593680e-02
 9.70444148e-01 -4.56748338e-02
 -3.32139699e-01 -1.93080756e+00
 -2.29953925e-01 -1.02667904e+00
 -9.29921918e-01 -8.80400711e-01
 -5.91297579e-01 -2.40303658e-01
 -5.53361643e-01 -7.42828418e-01
 4.68940228e-01 -1.50760573e+00
 -1.33731760e+00 -2.15112770e+00
 1.61672929e+00 -2.28519983e+00
 1.40634491e+00 8.39081539e-01
 1.00582061e+00 6.93124015e-01
 9.27724007e-01 9.83716436e-01
 -1.17399790e+00 -1.70348197e+00
 1.04749632e+00 -8.87998910e-01
 5.86455399e-01 1.54213521e+00
 6.40811221e-01 -1.04101102e-01
 -1.62696003e-01 -1.01948143e+00
 1.05691950e+00 -2.59142969e+00
 -1.05127557e-01 7.71284823e-01
 4.05719823e-01 8.46685049e-01
 4.46573587e-01 -2.63744851e-01
 -8.92505811e-01 -5.58319148e-01
 -1.09125593e+00 -2.38622999e-01
 -3.07154003e-01 2.16820483e+00
 -2.45676628e+00 7.14066276e-01
 -2.91830456e-01 -1.57242427e+00
 -9.50572386e-01 1.95841467e-01
 2.33969922e-01 2.42571046e-01
 -7.67147070e-01 1.92430544e+00
 -2.51267284e-01 -7.78308611e-01
 2.14625445e-01 4.42369281e-01
 -1.30056515e+00 1.09350471e+00
 6.79267067e-01 -4.73942578e-01
 3.81020879e+00 2.19944753e-01
 -1.28207306e+00 -7.56650775e-02
 1.93829248e+00 -2.17266171e-01
 6.24918662e-01 1.23715613e-01
 -1.04163594e-01 3.59527767e-01
 1.51287948e+00 1.19947712e+00
 -2.97361084e-01 2.11947640e+00
 -1.38001808e+00 6.70223848e-01
 6.02313382e-02 -9.74294312e-03
 8.64643568e-01 -1.88523651e-01
 -6.65361223e-01 -1.14596282e+00
 -4.69746504e-02 -5.72498407e-01
 -1.21914380e+00 -1.08698568e+00
 -4.34723399e-01 2.12735602e-01
 -3.08937433e-01 1.17458554e+00
 -6.83913042e-01 2.63416533e+00
 8.53286065e-01 3.97425924e-01
 2.12022304e-01 9.70785641e-01
 -1.34504179e+00 -1.18897630e-01
 5.46785861e-01 -6.99718334e-01
 4.85786706e-01 -1.02344801e+00
 1.13839130e-01 4.49310458e-01
 2.49168693e-01 -3.92275244e-01
 1.20694881e+00 1.71740074e+00
 -5.75872036e-01 -8.51850236e-01
 -5.59848504e-03 -6.25008847e-01
 2.01159963e+00 2.74914093e+00
 1.92162228e-01 1.32573594e+00
 -1.83471766e+00 -3.02549351e-01
 -1.97082020e+00 1.06009370e+00
 7.02944714e-01 7.54788843e-01
 7.72940907e-01 1.41576236e-01
 -1.49819795e+00 -4.49989771e-01
 1.08202246e+00 -4.09958117e-01
 5.37024273e-01 -5.17146543e-02
 -1.75088425e+00 2.42228873e-01
 1.79366356e-02 -3.91823890e-01
 -3.09930737e-02 6.80954090e-01
 1.12955505e+00 7.98652097e-01
 -3.19597280e-01 1.11412654e+00
