5.221875
6.55
7.196875
4.715789474
4.448120301
7.012030075
5.733834586
4.935338346
5.234586466
4.478195489
5.585507246
4.366666667
5.207246377
4.533333333
3.986956522
4.839130435
4.136231884
5.256716418
3.646268657
4.111940299
4.598507463
3.479104478
3.149253731
4.979710145
4.188405797
3.763768116
2.692753623
2.424637681
2.457971014
3.094202899
3.489855072
1.875362319
2.223188406
1.801449275
2.876811594
2.626086957
2.42173913
2.034782609
0.142857143
2.332857143
2.748571429
3.727142857
3.244285714
6.44
2.452554745
2.845255474
4.166423358
2.386861314
2.945985401
6.224817518
4.795620438
4.511428571
4.947142857
6.17
4.354285714
4.624285714
3.775714286
4.818571429
5.062773723
7.002919708
3.63649635
4.906569343
3.708029197
2.083211679
6.969343066
3.755395683
2.856115108
3.437410072
2.784172662
0.922302158
0.854676259
3.536690647
2.602919708
2.134306569
3.63649635
4.351824818
3.249635036
4.186861314
4.708029197
3.601459854
4.37080292
6.455319149
4.736170213
4.956028369
5.84822695
4.337588652
4.061428571
2.86
6.835714286
5.008571429
2.645714286
3.187142857
3.328571429
1.731914894
3.395744681
1.984397163
2.184397163
2.678014184
3.073758865
2.516312057
1.94
2.857142857
1.747142857
1.745714286
2.72
3.015714286
3.208571429
1.781428571
1.51
1.34
2.281428571
3.372857143
3.352857143
4.57
3.911428571
2.475714286
3.885915493
4.342253521
4.28028169
6.129577465
4.967605634
3.615384615
3.986013986
4.748251748
3.370629371
2.692307692
3.587412587
5.104895105
3.795804196
3.601398601
2.51048951
3.016783217
1.827972028
2.448951049
2.931468531
1.404255319
2.321985816
3.287943262
2.296453901
2.292198582
3.104964539
2.05106383
0.331428571
2.247142857
6.444285714
2.684285714
2.938571429
2.164285714
3.151428571
1.673239437
4.715492958
3.101408451
3.487323944
3.053521127
4.202816901
4.970422535
3.001388889
3.179166667
4.994444444
3.573611111
7.368055556
5.5125
4.605555556
3.056164384
5.282191781
4.62739726
4.21369863
4.264383562
5.249315068
4.220547945
4.588888889
4.288888889
5.545833333
3.45
2.952777778
4.2
4.370833333
3.773611111
3.595833333
2.602739726
4.130136986
3.698630137
2.573972603
0.352054795