6.686925795
6.457746479
6.504225352
6.654929577
6.696478873
6.652816901
6.580985915
6.253521127
6.456338028
6.376760563
6.232367973
6.402725724
6.021124361
6.42044293
6.140374787
6.027516779
6.244295302
6.318120805
6.34295302
4.366442953
1.902684564
5.38590604
5.894078947
5.757894737
5.965131579
6.297368421
6.141447368
6.051973684
6.041447368
6.021533442
5.981076672
6.115497553
5.904730832
5.917781403
5.355954323
6.0
6.096178344
4.720382166
6.006369427
5.943312102
4.189808917
6.298251192
5.720826709
5.906518283
6.67154213
6.694435612
6.249284579
6.93163752
5.699224806
6.070697674
6.278449612
6.071937984
6.352868217
6.418604651
6.883100775
6.520615385
6.636307692
5.537230769
5.352
5.004307692
6.404923077
6.686315789
5.677593985
5.639699248
6.102857143
4.298947368
6.381954887
6.929924812
6.264467766
5.096851574
5.802698651
6.912743628
5.782908546
6.044377811
5.737331334
6.779135618
5.650670641
5.261400894
6.09538003
5.760357675
6.962146051
6.869746647
5.307185629
6.991616766
6.256287425
5.823952096
7.119161677
6.888023952
6.444311377
5.195252226
6.013649852
4.480712166
6.532937685
5.378635015
6.916913947
5.113946588
6.420668693
6.262613982
5.511246201
6.203647416
4.97325228
4.168389058
6.346504559
5.914371257
4.841317365
5.738323353
7.013173653
3.139520958
5.858083832
4.739465875
5.5115727
5.21305638
5.438575668
6.151335312
5.718694362
6.258160237
7.077744807
6.818991098
5.906485671
6.640723982
5.725490196
5.385822021
5.158974359
4.69321267
5.394403535
6.486597938
2.435935199
6.628571429
5.567010309
5.148235294
5.382941176
5.732941176
5.740588235
5.874705882
5.828235294
6.045294118
6.538235294
5.933532934
5.84251497
6.450898204
6.411377246
6.413772455
6.31257485
7.115568862
6.77245509
6.5
6.431176471
5.95
6.084117647
6.445882353
6.216519174
5.980530973
6.864896755
6.204719764
5.89380531
6.714454277
6.995870206
6.489085546
5.614749263
5.140762463
6.409384164
6.461583578
6.052785924
6.782991202
5.321664275
5.700430416
5.659110473
5.982783357
6.792539455
6.221520803
5.562697274
5.666571019
5.826062323
1.922379603
4.936543909
4.175637394
2.284813754
3.289971347
3.853868195
3.010888252
5.197707736
4.49459854
4.701313869
5.062189781
5.169051095
4.816934307
5.750072993
5.631532847
4.853025937
4.892795389
5.187319885
4.92795389
4.553409091
4.565340909
4.84375
4.192045455
6.126704545
6.153977273
5.623863636
6.171669004
6.61430575
4.815147265
6.034221599
6.116129032
5.799719495
6.426592798
5.791135734
4.886980609
6.291412742
5.830470914
5.418282548
5.188919668
5.377094972
5.060893855
5.273184358
5.212849162
4.826815642
4.548044693
5.787709497
5.456824513
4.630083565
2.622841226
2.036768802
5.056824513
5.122005571
5.741504178
3.688826816
4.910055866
3.397206704
2.788826816
4.910055866
5.188268156
5.853072626
5.357103064
4.398328691
5.761002786
5.217827298
5.245125348
5.732590529
4.300278552
6.871309192
4.869637883
3.934626039
6.104709141
5.582271468
4.684210526
5.444875346
5.231754875
4.694150418
4.543732591
4.324233983
4.600557103
4.457381616
5.376044568
6.513649025
2.613927577
6.95097493
5.306963788
6.392200557
4.846796657
6.537047354
4.539832869
5.701392758
5.134818942
4.674651811
5.060724234
3.467409471
3.250139276
6.379387187
4.632869081
5.58551532
4.723119777
6.362116992
5.640111421
5.803846154
6.025824176
6.081318681
5.502747253
5.883516484
6.016483516
5.715384615
6.093663912
5.94214876
5.907438017
6.931129477
6.838567493
4.850137741
5.847933884
5.848901099
5.848351648
6.286813187
5.61043956
5.74010989
5.769230769
5.923626374
6.605929919
6.00754717
4.545013477
6.458760108
5.777358491
4.16819407
2.605390836
6.346091644
3.716442049
6.061455526
4.101886792
5.859838275
5.524528302
5.906451613
6.596774194
6.077419355
5.740860215
6.051612903
6.575268817
6.354301075
6.816172507
5.944474394
5.451212938
5.355795148
5.304043127
5.69541779
5.748247978
6.513456464
6.553562005
5.7176781
6.029551451
6.267546174
4.202638522
5.98944591
0.824403183
6.627586207
5.453050398
5.556498674
6.40795756
6.167639257
5.44668435
5.503448276
4.886472149
3.968169761
5.217368421
4.991052632
4.708421053
5.274736842