5.221875
6.55
7.196875
4.715789474
4.448120301
7.012030075
5.733834586
4.935338346
5.234586466
4.478195489
5.585507246
4.366666667
5.207246377
4.533333333
3.986956522
4.839130435
4.136231884
5.256716418
3.646268657
4.111940299
4.598507463
3.479104478
3.149253731
4.979710145
4.188405797
3.763768116
2.692753623
2.424637681
2.457971014
3.094202899
3.489855072
1.875362319
2.223188406
1.801449275
2.876811594
2.626086957
2.42173913
2.034782609
0.142857143
2.332857143
2.748571429
3.727142857
3.244285714
6.44
2.452554745
2.845255474
4.166423358
2.386861314
2.945985401
6.224817518
4.795620438
4.511428571
4.947142857
6.17
4.354285714
4.624285714
3.775714286
4.818571429
5.062773723
7.002919708
3.63649635
4.906569343
3.708029197
2.083211679
6.969343066
3.755395683
2.856115108
3.437410072
2.784172662
0.922302158
0.854676259
3.536690647
2.602919708
2.134306569
3.63649635
4.351824818
3.249635036
4.186861314
4.708029197
3.601459854
4.37080292
6.455319149
4.736170213
4.956028369
5.84822695
4.337588652
4.061428571
2.86
6.835714286
5.008571429
2.645714286
3.187142857
3.328571429
1.731914894
3.395744681
1.984397163
2.184397163
2.678014184
3.073758865
2.516312057
1.94
2.857142857
1.747142857
1.745714286
2.72
3.015714286
3.208571429
1.781428571
1.51
1.34
2.281428571
3.372857143
3.352857143
4.57
3.911428571
2.475714286
3.885915493
4.342253521
4.28028169
6.129577465
4.967605634
3.615384615
3.986013986
4.748251748
3.370629371
2.692307692
3.587412587
5.104895105
3.795804196
3.601398601
2.51048951
3.016783217
1.827972028
2.448951049
2.931468531
1.404255319
2.321985816
3.287943262
2.296453901
2.292198582
3.104964539
2.05106383
0.331428571
2.247142857
6.444285714
2.684285714
2.938571429
2.164285714
3.151428571
1.673239437
4.715492958
3.101408451
3.487323944
3.053521127
4.202816901
4.970422535
3.001388889
3.179166667
4.994444444
3.573611111
7.368055556
5.5125
4.605555556
3.056164384
5.282191781
4.62739726
4.21369863
4.264383562
5.249315068
4.220547945
4.588888889
4.288888889
5.545833333
3.45
2.952777778
4.2
4.370833333
3.773611111
3.595833333
2.602739726
4.130136986
3.698630137
2.573972603
0.352054795
3.246575342
2.184507042
1.002816901
0.701408451
1.8
4.173239437
3.614084507
2.011267606
3.651748252
3.993006993
2.563636364
4.230769231
4.188811189
5.134265734
3.786206897
4.460689655
5.097931034
4.514482759
3.830344828
5.84
5.660689655
4.864827586
3.051748252
3.467132867
3.290909091
5.560839161
5.59020979
2.097902098
1.875524476
1.973154362
0.401342282
2.17852349
2.190604027
2.657718121
1.665771812
0.894285714
2.164285714
2.018571429
2.67
2.408571429
5.341428571
1.291176471
4.791176471
3.320588235
4.095588235
4.491176471
3.098529412
4.452941176
2.965714286
3.721428571
3.498571429
3.36
2.937142857
2.521428571
4.448571429
2.022695035
2.636879433
1.982978723
3.907801418
3.283687943
2.626950355
4.109219858
2.224113475
1.480851064
1.868085106
1.459574468
1.642553191
2.205673759
2.824113475
2.445714286
3.768571429
3.728571429
3.29
5.314285714
3.978571429
5.768571429
3.561971831
4.923943662
2.130985915
6.328169014
6.712676056
0.904225352
6.898591549
2.231654676
2.471942446
4.197122302
3.667625899
3.457553957
2.027338129
5.54676259
0.74893617
2.086524823
2.412765957
1.960283688
1.624113475
1.171631206
0.029787234
1.087218045
2.514285714
3.803007519
3.876691729
3.64962406
3.338345865
4.4
0.941353383
2.481203008
4.795488722
4.842105263
2.058646617
6.139849624
6.869172932
4.846616541
5.664661654
3.185714286
4.025714286
4.708571429
2.044285714
6.128571429
4.310638298
2.865248227
5.554609929
5.260992908
0.15035461
6.266666667
4.780141844
4.510638298
3.852054795
1.487671233
1.220547945
0.735616438
0.771232877
4.176712329
4.697260274
4.808333333
2.809722222
1.833333333
0.315277778
0.191666667
2.823611111
4.748611111
0.337931034
2.544827586
3.497931034
1.982068966
2.773793103
3.744827586
4.257931034
5.211034483
5.341843972
5.137588652
3.940425532
4.378723404
1.659574468
3.859574468
4.009929078
1.770833333
1.7625
4.834722222
5.288888889
5.725
4.052777778
0.669444444
1.573333333
0.245925926
6.675555556
6.176296296
6.525925926
3.102222222
0.89037037
0.55177305
2.954609929
1.790070922
1.289361702
4.134751773
2.375886525
3.05106383
2.523188406
3.48115942
3.631884058
4.931884058
0.095652174
4.923188406
4.857971014
5.627536232
5.884137931
6.171034483
5.904827586
6.35862069
6.936551724
7.061428571
6.86
6.945714286
6.317142857
4.298571429
1.272857143
1.311428571
0.54
0.665277778
0.308333333
1.847222222
2.633333333
2.208333333
1.068571429
5.744285714
3.945714286
4.031428571
3.851428571
1.72
2.371428571
3.195620438
3.071532847
2.17810219
1.216058394
1.670072993
0.651094891
3.510948905
3.755882353
5.288235294
4.232352941
4.925
5.347058824
6.282352941
0.145588235
1.076470588
5.953731343
0.967164179
6.326865672
3.656716418
6.819402985
5.697014925
4.707462687
7.195620438
5.703649635
4.493430657
6.306569343
5.948905109
1.848175182
3.331386861
3.517391304
4.865217391
4.568115942
1.755072464
5.04057971
6.434782609
6.343478261
6.782733813
3.694964029
5.21294964
4.835971223
4.553956835
3.028776978
0.284892086
4.224242424
1.483333333
3.290909091
0.106060606
6.107575758
2.992424242
1.031818182